886 489630 886
886 702836 702836
1747 91001 91001
6140 680291 680291
7436 908194 908194
7436 1020066 1020066
7436 1592140 1592140
8831 329519 329519
13959 68295 68295
14777 4983 14777
17083 1273112 1273112
17083 1646728 17083
17152 80818 80818
18690 89548 89548
18690 670672 670672
18690 1284489 1284489
19261 1138928 1138928
25876 87851 25876
36798 87851 36798
36798 809060 809060
46213 1464554 1464554
46213 2394083 2394083
47471 301259 301259
47868 703807 703807
48110 654263 654263
48130 670672 670672
49296 1721461 1721461
51382 923542 923542
52972 492402 52972
52972 574924 52972
60667 748478 60667
61619 489630 61619
62574 937805 937805
63466 464625 63466
65398 955165 955165
65923 708940 65923
66958 719875 66958
69573 2355827 2355827
73157 1718661 1718661
75712 910846 910846
82803 742083 82803
83732 51382 51382
84047 46213 84047
85052 478240 478240
85052 1007923 1007923
89548 849430 849430
92697 908194 92697
92697 910021 92697
93948 1083719 1083719
94460 92112 94460
94460 220248 220248
96129 75712 96129
96129 655143 655143
96129 1587303 1587303
96129 1657558 96129
96378 843119 843119
96826 834385 834385
98065 598808 598808
98065 731270 98065
98065 857187 857187
98808 547017 547017
100615 726727 726727
120231 117428 120231
120231 711192 120231
120231 930815 120231
156473 654918 654918
156473 762325 762325
156473 1420445 1420445
171578 1621446 1621446
174055 843119 843119
174055 1638790 1638790
174055 1736483 1736483
177725 156473 177725
177725 994998 994998
179534 1039332 179534
190869 543938 543938
192938 191972 192938
199790 766260 766260
201807 809060 809060
218902 1544339 1544339
222690 1235970 222690
236850 18690 236850
236850 415610 236850
237810 17152 237810
241296 47868 241296
243843 1623793 1623793
243994 264698 264698
264698 54197 264698
264698 843119 264698
268635 834294 268635
271861 1140581 1140581
295849 1464554 1464554
317288 912598 912598
329519 2228226 2228226
333497 78882 333497
333497 97476 333497
399368 484928 484928
421353 60742 421353
421353 765106 765106
443641 421353 443641
445203 787045 787045
451298 171578 451298
451298 923115 451298
452445 399368 399368
455421 241296 455421
462050 1625434 1625434
463517 535767 535767
463517 610611 610611
463517 908194 463517
464625 848638 848638
467575 34237 467575
467968 1464554 1464554
469559 541081 469559
471626 924102 924102
472286 37555 472286
474733 865291 865291
483457 18690 483457
483457 500354 500354
483457 2012173 2012173
484889 948298 484889
484928 65398 484928
484928 628501 628501
484928 1414480 1414480
489630 47868 47868
492402 471626 471626
495991 729920 729920
500354 25876 500354
500354 762325 500354
503694 793256 793256
517769 806723 517769
525648 248472 248472
530676 884945 884945
531231 109126 531231
547017 970523 970523
548067 1623793 548067
567100 16583 567100
573867 793256 793256
573867 992125 992125
581367 301259 581367
581367 439776 581367
591814 2183604 2183604
610611 1503926 610611
616027 1967378 1967378
618291 724739 724739
618478 932824 618478
618478 1716651 618478
622509 306385 622509
622509 1464554 622509
628501 795541 795541
633137 1775532 633137
646319 543938 543938
648653 177725 648653
648653 484928 484928
649285 1638790 1638790
651233 1900419 1900419
654918 837441 654918
654918 857187 654918
655143 389099 389099
655143 2183604 2183604
661081 156165 661081
708962 630166 708962
722952 8831 722952
726727 82803 82803
731270 1771661 731270
731721 2240392 2240392
766260 5697 766260
766260 548067 766260
769286 1046674 1046674
782812 578336 782812
795541 451298 795541
805723 793917 805723
806723 1587303 1587303
809060 76139 76139
822825 1786514 822825
828937 956677 828937
834385 237810 237810
834385 834985 834385
834385 864886 834385
834385 1873859 834385
834985 49296 49296
834985 455421 455421
835031 241296 241296
835031 2203389 2203389
836736 525648 836736
837441 780999 780999
837441 1802925 1802925
838107 627913 838107
843119 217597 217597
848339 578336 848339
848638 903225 903225
849430 264698 264698
854612 389099 854612
854612 467968 467968
855538 16583 855538
856058 923173 923173
885568 231712 885568
903225 845089 845089
905624 1716651 905624
906363 72645 906363
908194 622509 908194
908194 1014476 908194
910021 1363424 1363424
910966 836736 910966
912598 421353 421353
920241 1862918 920241
923115 82803 923115
923115 903225 923115
923542 54448 54448
923542 610701 610701
923542 1408128 1408128
929373 220248 220248
929750 848339 929750
930815 1736483 1736483
933894 49567 49567
944172 649285 649285
948600 2385570 2385570
956677 1865226 956677
986482 1782432 1782432
992125 798412 992125
992125 1544339 1544339
999542 2293466 2293466
1020066 451298 1020066
1060583 237810 237810
1070615 545879 545879
1081364 722952 722952
1086345 98065 98065
1089291 1646728 1089291
1089291 1810374 1810374
1138509 1977081 1138509
1143821 389099 389099
1143821 1261203 1261203
1194818 1684230 1684230
1209758 297443 1209758
1259796 885568 885568
1259796 889687 889687
1261203 517769 1261203
1261203 1458766 1261203
1271653 72589 1271653
1271653 911296 1271653
1301143 17152 17152
1301143 1638790 1638790
1345413 1125087 1125087
1397099 1596354 1596354
1422082 46289 46289
1434366 1623793 1434366
1451218 1345413 1451218
1457652 243843 243843
1465552 714257 1465552
1503787 448861 448861
1503787 1451218 1451218
1503926 190869 190869
1503926 905624 905624
1543663 1014476 1014476
1577679 484928 484928
1582042 828743 828743
1587303 46213 1587303
1587303 638230 638230
1596354 602166 602166
1616177 1209758 1209758
1657558 452980 1657558
1657577 484889 484889
1671446 91556 91556
1671446 100615 1671446
1686050 48130 1686050
1696460 60667 1696460
1696460 1686050 1686050
1696577 389099 389099
1701633 1434366 1434366
1775532 75712 75712
1782432 501838 501838
1802925 47868 47868
1862918 65923 1862918
1862918 765106 1862918
1873859 25876 1873859
1873859 769286 1873859
1877592 838107 838107
1900419 156165 1900419
1922950 285819 1922950
2045496 7436 7436
2045496 156473 156473
2062669 619980 619980
2062669 793256 793256
2079726 241296 241296
2094304 1060583 2094304
2094304 1212859 1212859
2094304 1473597 2094304
2203389 656527 2203389
2203389 986482 986482
2214137 2308416 2214137
2228226 573867 2228226
2228226 581367 2228226
2228226 1877592 2228226
2240392 2094304 2094304
2262353 2398360 2262353
2352721 932928 2352721
2355827 409057 409057
2379271 2262353 2379271
2382781 1208736 1208736
2398360 598808 2398360
2403212 911296 2403212
