8700153 12871343 12871343
8708216 19447672 8708216
8711636 18695443 8711636
8731026 19498561 19498561
8758752 10863557 8758752
8789745 9816459 9816459
8798403 16414379 16414379
8802906 15485637 8802906
8802906 18392803 18392803
8820102 9814664 8820102
8858711 20655400 8858711
8881291 12279667 8881291
8894637 15045633 8894637
8907498 13237276 13237276
8907498 15217741 15217741
8973381 8773349 8773349
8978864 17637176 17637176
9016991 18377477 9016991
9018553 13150703 13150703
9210315 10336361 10336361
9312978 12676588 12676588
9473562 10154305 10154305
9492667 19705499 19705499
9494225 19221896 9494225
9499560 14520830 14520830
9537940 18171191 18171191
9537940 19498561 19498561
9567250 11472521 11472521
9567250 19814713 19814713
9584821 9925269 9925269
9584821 19929338 19929338
9615398 10319696 10319696
9691850 11981274 9691850
9712648 13985796 13985796
9814664 8894637 8894637
9814664 12357829 12357829
9816459 9585317 9585317
9816459 13848176 13848176
9823697 12212999 12212999
9823697 14896949 9823697
9850525 14149269 14149269
9850525 18194139 18194139
9866364 16706716 16706716
9899176 8731026 8731026
9904455 17366936 17366936
9906755 8726122 9906755
9906755 16535550 9906755
9906755 19314079 9906755
9910628 12005323 12005323
9910628 12940421 12940421
9910628 15291861 9910628
9910628 20491517 20491517
9912710 10192672 9912710
9963147 18194139 9963147
9967471 13236950 13236950
9984550 14249116 14249116
10000468 17464365 17464365
10268583 11393389 10268583
10339887 10319696 10319696
10339887 11547458 10339887
10430043 8803674 8803674
10430043 16418713 16418713
10437890 10407877 10437890
10587116 18076134 10587116
10614771 11993116 10614771
10704721 17545092 17545092
10752753 10335741 10335741
10863557 12721261 12721261
10891761 13848176 10891761
10980321 11844012 10980321
11008538 15291861 15291861
11011742 19177820 19177820
11064849 16868941 16868941
11082640 11472276 11472276
11103444 17874710 11103444
11142706 14952818 11142706
11312553 12758781 11312553
11419729 14277887 11419729
11419729 19447672 19447672
11472276 19314079 19314079
11472521 14695049 11472521
11551412 8789745 11551412
11551412 9537940 11551412
11607378 8749271 8749271
11615980 16635465 16635465
11635254 11009818 11009818
11683044 16917168 16917168
11717667 9714221 9714221
11717667 12079230 12079230
11735158 9866364 11735158
11792207 19435358 11792207
11795230 9899176 11795230
11795230 15291861 15291861
11828830 15920012 15920012
11828830 18608217 11828830
11828830 20055341 11828830
11828830 20711961 11828830
11859430 8934946 11859430
11896304 15618086 11896304
11901964 11795230 11901964
11971009 12216065 11971009
11993116 8731026 11993116
11993116 8745807 8745807
12079230 12388434 12079230
12079230 15706877 15706877
12212999 17862271 12212999
12212999 17874710 12212999
12253435 16535550 16535550
12279667 14520830 12279667
12293988 9567341 12293988
12293988 16217948 16217948
12365403 9567341 9567341
12368240 11487184 11487184
12393231 10614771 10614771
12393231 15291861 15291861
12474437 13847707 12474437
12504163 9537940 12504163
12533885 14625265 12533885
12588552 9925269 9925269
12594974 18392803 18392803
12667825 11615980 12667825
12667825 17418831 17418831
12667825 17637176 17637176
12690777 17878457 12690777
12727122 14648224 14648224
12750139 11140119 11140119
12758781 12079230 12079230
12773401 9806822 12773401
12806187 19435358 19435358
12812172 11432147 12812172
12840884 10488929 10488929
12866614 8895817 12866614
12908412 8895817 12908412
12908412 12035688 12035688
12962557 18792155 12962557
13150703 9886266 9886266
13237276 11009818 11009818
13268095 12721261 13268095
13268095 14491966 14491966
13471134 17159781 17159781
13515929 8978864 8978864
13717378 15256315 15256315
13767225 9230961 9230961
13776531 16034352 13776531
13803032 9379983 9379983
13803032 13989182 13989182
13914317 11859430 11859430
13945388 12253435 13945388
13975566 9738250 9738250
14050241 8726122 8726122
14125038 12357829 12357829
14156132 17418831 17418831
14277887 9565273 14277887
14277887 20686578 20686578
14284582 11547458 14284582
14284582 12288976 14284582
14306734 19997009 19997009
14360580 9551020 14360580
14360580 9691850 14360580
14360580 20659979 20659979
14491966 8803674 14491966
14491966 10430043 14491966
14625265 18044469 14625265
14896949 18148867 18148867
14922454 9823697 14922454
14944458 9379983 9379983
14984984 8771000 14984984
14984984 19360626 14984984
15045633 11103444 15045633
15045633 14306734 14306734
15045640 8798403 15045640
15162926 16229058 16229058
15200522 11901964 15200522
15217741 16740050 16740050
15291861 9494225 15291861
15291861 12504163 15291861
15346774 8897520 15346774
15404495 18194139 18194139
15485637 19697147 15485637
15545195 9715574 9715574
15618086 16521717 15618086
15618086 17267595 15618086
15618086 18148499 18148499
15675315 11741128 11741128
15706877 17088291 15706877
15725601 19269544 15725601
15786949 17494871 17494871
15805578 11008538 15805578
15805578 18379778 18379778
15807081 13803032 13803032
15828232 14277887 15828232
15867722 16577891 16577891
16034352 9691850 16034352
16083186 8852623 16083186
16107740 13523599 16107740
16147717 11966763 16147717
16163384 9963147 9963147
16250917 17187218 16250917
16256047 14306734 16256047
16415255 10886068 10886068
16437406 9514489 16437406
16635465 15045640 15045640
16706716 9615398 9615398
16726832 9128737 16726832
16726832 11547458 11547458
17075061 17233367 17233367
17075061 20711961 17075061
17088291 17379020 17379020
17172033 12388434 17172033
17187218 9917787 17187218
17217965 14586348 14586348
17229169 9886266 17229169
17229169 15867722 15867722
17233367 9715574 17233367
17233367 20655400 20655400
17241583 10165693 10165693
17241583 14695049 14695049
17267595 9193808 9193808
17352469 9758457 17352469
17352469 12252499 17352469
17364000 10265576 10265576
17441871 9904455 17441871
17445245 16033711 16033711
17469021 17770332 17469021
17578565 14586348 17578565
17578565 20686578 20686578
17586523 17770332 17586523
17619176 14149269 17619176
17637176 17059139 17637176
17770332 11226418 17770332
17808813 10021796 10021796
17808813 12541233 12541233
17808813 17995021 17808813
17841522 9210315 9210315
17841522 10154305 17841522
17841522 10980321 17841522
17841522 13945388 17841522
17841522 15828232 17841522
17878457 14952818 17878457
17989020 15725601 17989020
17989020 17441871 17441871
18016950 12393231 18016950
18058183 16250917 16250917
18142517 13954848 18142517
18142517 18845950 18142517
18148499 10241329 18148499
18194139 10120998 18194139
18194139 14846920 18194139
18194139 18793052 18793052
18227747 12541233 12541233
18349330 14625265 18349330
18377477 16114572 16114572
18379778 14952818 18379778
18408156 18218885 18218885
18459167 18327373 18327373
18510360 8754497 8754497
18652420 9798450 18652420
18653051 9073150 18653051
18686426 8820102 18686426
18695443 11103444 11103444
18697802 9630384 9630384
18707920 12974795 12974795
18845950 9912710 18845950
18845950 15430247 15430247
18855375 15182496 18855375
19090675 17088291 17088291
19203868 8802906 19203868
19221896 14708710 14708710
19239877 15225907 19239877
19260658 19804805 19804805
19269544 11822552 11822552
19269544 14570078 14570078
19314079 11065140 19314079
19332805 17229169 17229169
19392236 9459767 19392236
19487714 13841816 19487714
19511797 14488732 19511797
19697147 8754497 19697147
19787919 11103444 19787919
19812989 17482786 19812989
19924272 9764514 19924272
19929338 18875038 18875038
20190553 12995855 20190553
20200783 10268583 20200783
20200783 14050241 20200783
20256302 11828830 11828830
20256302 17352469 17352469
20336459 18875038 18875038
20490874 20566815 20566815
20491517 19602425 19602425
20511140 12840884 12840884
20511140 17586523 17586523
20566815 19269544 20566815
20614292 16917168 16917168
20653106 12252499 20653106
20655400 12533885 20655400
20659979 15311393 20659979
20666940 17889227 17889227
20797060 15256315 15256315
20797060 18793052 18793052
