31772072 35292954 35292954
31772072 44118555 31772072
31814233 33517612 33517612
31852318 34588117 34588117
31985907 37342403 37342403
31985907 43228759 43228759
32076762 40605066 40605066
32092511 39312962 32092511
32142128 42444457 42444457
32142128 43539671 43539671
32181705 44486240 44486240
32193315 32733201 32193315
32193315 38191408 38191408
32242102 43568666 43568666
32277771 36199829 36199829
32288342 42113820 42113820
32345038 32092511 32092511
32354252 43840538 43840538
32395648 32181705 32181705
32395648 37370948 37370948
32416700 42113820 42113820
32514410 37435427 37435427
32714787 36334664 36334664
32714787 42073633 42073633
32733201 36161163 32733201
32767077 37569418 32767077
32786989 37452591 37452591
32821479 38626503 38626503
32944658 33888127 33888127
32944658 44094675 44094675
32946320 44903017 32946320
33098880 42671078 42671078
33141390 38604473 38604473
33540136 43228759 43228759
33540136 43390398 43390398
33615006 40411478 40411478
33615006 44399118 44399118
33626151 41022052 33626151
33636887 35415733 35415733
33671906 37452591 33671906
33685557 37466738 37466738
33803396 32092511 32092511
33870759 44024521 44024521
33888127 32345038 33888127
33898800 35398842 35398842
34253779 41972103 34253779
34268289 34775298 34775298
34268289 38770237 38770237
34268289 44239008 44239008
34268289 45372939 45372939
34342816 44383129 44383129
34355062 32181705 32181705
34509566 39531157 34509566
34588117 36074396 34588117
34660382 41373598 34660382
34660382 45741618 34660382
34684663 36199829 36199829
34921899 40967979 40967979
34954236 39469318 39469318
35050056 33671906 35050056
35064018 36020828 36020828
35105736 42265324 42265324
35172897 33626151 33626151
35190047 40755742 40755742
35220340 37593549 37593549
35285690 36645364 35285690
35292954 35860475 35860475
35316833 35172897 35172897
35316833 42671078 42671078
35358186 32946320 35358186
35415733 36941526 36941526
35420991 37370948 37370948
35424460 32786989 35424460
35424460 38116119 38116119
35446951 40837371 40837371
35475240 36176592 36176592
35512442 31772072 35512442
35512442 44486240 44486240
35527471 41815504 41815504
35531747 38116119 35531747
35561001 37750286 37750286
35573187 37786505 37786505
35641702 39213074 39213074
35654324 40637497 40637497
35654324 44088493 44088493
35654324 44300364 44300364
35716655 35721546 35721546
35716655 36324289 35716655
35787896 37932635 35787896
35805928 35190047 35805928
35825073 43592341 35825073
35860475 44444407 35860475
35932331 44361625 44361625
35979097 45574292 45574292
36011356 40967979 36011356
36147202 33888127 33888127
36254977 32944658 36254977
36272093 31852318 36272093
36296987 39498338 39498338
36324289 38865294 38865294
36343209 35497299 36343209
36423633 33144667 36423633
36441647 41510724 36441647
36476182 44181478 36476182
36479123 40656938 40656938
36491960 32395648 36491960
36491960 43197917 36491960
36520636 43464279 43464279
36564114 36296987 36564114
36604595 43677196 36604595
36645364 40937413 36645364
36713888 35561001 36713888
36713888 36205863 36713888
36713888 36221407 36713888
36723839 41813533 36723839
36752216 42588067 42588067
36752216 43464279 43464279
36785484 34921899 36785484
36785484 42645528 36785484
36785720 34660382 34660382
36785720 44094675 44094675
36785720 44444407 36785720
36841103 32242102 36841103
36841103 41972103 36841103
36881354 35105736 36881354
36939292 44281370 36939292
36941526 32946320 36941526
36941526 40605066 36941526
36972400 38817775 38817775
36972400 43568666 43568666
37055794 33540136 37055794
37055794 35825073 37055794
37131123 36370042 36370042
37131123 38817775 38817775
37131123 41826914 41826914
37341462 35618090 37341462
37342403 31911769 37342403
37342403 39532144 37342403
37363674 38034299 37363674
37363674 44561416 44561416
37406776 37437037 37437037
37406776 40059131 40059131
37426542 42721691 37426542
37426542 44142450 37426542
37452591 37124120 37124120
37452591 41815504 41815504
37452591 44530263 44530263
37617799 41813533 41813533
37809808 41510724 37809808
37921328 39532144 39532144
37921328 45481560 45481560
37932635 32946320 37932635
37932635 41022052 37932635
37932635 42113653 37932635
38037773 45372817 45372817
38040441 44654291 44654291
38116119 35220340 38116119
38191408 33517612 33517612
38291340 36881354 38291340
38330880 32514410 32514410
38366519 31772072 38366519
38468125 35139231 38468125
38537340 35803219 35803219
38539213 36723839 36723839
38604473 33540136 38604473
38626503 39702507 38626503
38626503 40893043 40893043
38630111 44399118 44399118
38788135 43581174 43581174
38865294 35674066 38865294
38865294 42113820 42113820
38865294 44561416 44561416
39017912 34116675 39017912
39079607 45892141 39079607
39092553 41394961 41394961
39139885 38817775 38817775
39163731 35172897 35172897
39163731 45741618 39163731
39169388 40893043 40893043
39213074 33104205 33104205
39259012 36383849 36383849
39259012 38191408 38191408
39263751 39388978 39388978
39361496 39282282 39361496
39361496 44625657 44625657
39469318 44135567 44135567
39498338 34268289 39498338
39498338 35527471 39498338
39498338 41240104 39498338
39498338 44649546 39498338
39532144 44281370 44281370
39572502 31985907 39572502
39575041 37895454 37895454
39636792 36343209 36343209
39660082 37437037 37437037
39660082 37617799 39660082
39680151 35787896 35787896
39680151 43581174 39680151
39719370 40584428 40584428
39830460 32602055 32602055
39830460 37560466 39830460
39830460 38630111 39830460
39993361 35647254 39993361
39993361 38604473 38604473
39993361 43142235 39993361
39993361 43840538 39993361
40068984 43739858 40068984
40146022 36920879 40146022
40411478 33098880 40411478
40411478 35860475 35860475
40411478 36296987 40411478
40411478 40862975 40862975
40420869 35675855 35675855
40448816 36147202 40448816
40603252 39469318 39469318
40735357 31852318 40735357
40735357 35250760 40735357
40755742 44444407 40755742
40862975 36365729 40862975
40862975 44625657 44625657
40880865 38005286 38005286
40967979 32514410 32514410
40968597 44210811 44210811
41022052 43592341 43592341
41026442 33141390 41026442
41026442 45059205 45059205
41043739 32602055 32602055
41043739 45748976 45748976
41141672 40937413 40937413
41334532 37055794 37055794
41394961 44486240 44486240
41616564 32944658 41616564
41792567 35512442 35512442
41813533 37466738 37466738
41899285 41826914 41826914
41962122 39004292 41962122
41972103 36865903 41972103
42073633 32395648 42073633
42103672 32395648 32395648
42129578 34684663 34684663
42129578 35675855 35675855
42147589 36468339 42147589
42148444 43379141 42148444
42184317 34253779 34253779
42645528 42994303 42645528
42693091 41629654 42693091
42696798 37750286 42696798
42696798 45351832 45351832
42721691 32231479 42721691
42721691 37298398 37298398
42736193 35358186 35358186
42775152 40656938 40656938
42911701 45385199 45385199
42948848 42688699 42688699
42975464 35703430 35703430
42994303 44134395 44134395
43100360 36221407 36221407
43142235 36042954 43142235
43142235 40148679 43142235
43228759 39092553 39092553
43228759 42148444 42148444
43345553 37363674 43345553
43379141 42736193 43379141
43409630 35762865 35762865
43409630 41616564 41616564
43464279 40148679 43464279
43471276 43592341 43471276
43535578 36474826 36474826
43677196 36564114 43677196
43756858 36907204 36907204
43823931 32514410 32514410
43823931 36170962 36170962
43840538 43677196 43677196
43840538 45892141 45892141
43992330 42129578 42129578
44000719 35398842 44000719
44024521 42147589 44024521
44088493 32193315 44088493
44094675 36939292 36939292
44135567 42089524 42089524
44176294 45372939 45372939
44219954 32946320 32946320
44239008 38604473 38604473
44383129 37363674 44383129
44399118 32798816 32798816
44399118 34268289 44399118
44484405 35825073 44484405
44625657 36476182 44625657
44627208 36468339 44627208
44654291 36936363 44654291
44728150 40386784 40386784
44840901 36907204 36907204
45025598 35641702 45025598
45047559 44530263 44530263
45385199 32269064 32269064
45547671 32345038 32345038
45741618 38865294 38865294
45814389 38630111 45814389
45875624 34921899 45875624
45875624 37426542 37426542
