336 3881 3881
336 4080 4080
564 4149 4149
2158 1104 1104
4080 126 126
4080 1261 1261
4080 7720 4080
4080 1241387 1241387
4242 7720 4242
4630 5222 4630
6222 7214 6222
6658 1669 1669
8626 564 8626
8626 6765 8626
12927 976696 976696
40471 688098 688098
43802 585379 585379
47045 443708 443708
47676 2076157 2076157
48442 1920265 1920265
49824 1497313 49824
49824 2144594 49824
51002 97392 51002
63150 1597154 1597154
63150 1606329 1606329
63758 841855 63758
90176 2024040 2024040
90578 1199987 1199987
92001 921471 921471
96360 575782 575782
107823 425822 107823
116276 924285 924285
116276 2209827 2209827
120791 1492860 1492860
121324 49824 49824
121324 1633348 1633348
121324 1936566 121324
156529 1901404 1901404
179439 1372771 1372771
182749 1868086 1868086
200609 1649402 1649402
200609 1913286 1913286
205573 132440 205573
206473 45075 206473
212263 41107 212263
213863 593478 213863
217065 2123841 2123841
218472 94361 218472
220388 12870 220388
221830 1102094 221830
282859 453479 453479
282859 2068876 2068876
285228 49824 285228
285793 212263 285793
291033 294813 294813
291279 1597086 1597086
292587 251336 251336
294813 118272 294813
295649 1424826 1424826
306862 126116 126116
338719 1392351 1392351
339057 434989 339057
341971 1256601 341971
351565 730240 730240
359970 919387 359970
397488 118371 397488
400422 274462 400422
407614 216894 407614
417816 2059309 2059309
421280 1698156 1698156
421357 563868 421357
434989 195451 434989
448909 936569 936569
458682 726652 726652
458817 653861 653861
460567 1832000 460567
464731 1459148 464731
467244 2159655 467244
473282 804603 804603
504003 1259321 1259321
508639 300519 508639
508639 1288708 508639
509042 1749588 1749588
521110 1689588 1689588
526037 1480300 526037
533783 723493 533783
542127 2071682 542127
555129 401945 401945
573184 169620 169620
573184 425822 573184
587884 1258441 1258441
593478 1980832 593478
603554 710266 710266
607863 521407 607863
613699 1735870 613699
654480 2207376 654480
678307 1293308 678307
683701 1262366 683701
686780 824110 824110
687601 1341345 1341345
712018 1770442 712018
736573 1569559 736573
756061 1701098 756061
761585 593478 761585
777849 923033 923033
777849 2157637 2157637
778316 132440 778316
790209 514478 790209
802315 610333 802315
802315 1528966 802315
803511 1039853 803511
813710 1566260 813710
820719 1550910 820719
820719 2095277 820719
824110 49824 824110
825678 80592 825678
827220 1938893 827220
835960 2057164 2057164
837351 1045181 837351
859414 1395551 1395551
864773 1099064 1099064
865059 2154251 865059
870190 5222 870190
870190 1118873 870190
872153 173392 872153
872313 827785 827785
875867 856388 856388
907360 1064596 907360
974973 1389244 1389244
976388 1065474 976388
986509 1529611 1529611
986509 2161842 986509
1006839 1074295 1006839
1045181 1487734 1487734
1055364 1378411 1055364
1062041 225489 1062041
1062041 2104676 2104676
1071287 53808 1071287
1073358 1892599 1073358
1077355 974454 1077355
1091241 784214 784214
1091788 1705645 1091788
1104274 1272810 1272810
1109995 527719 527719
1109995 1888602 1888602
1123544 901987 901987
1127166 803511 803511
1129795 723017 723017
1130660 683173 683173
1132507 512877 1132507
1136765 1509943 1509943
1157817 932625 932625
1178856 1820118 1820118
1179184 94361 1179184
1201628 1846383 1846383
1212386 699771 1212386
1212386 731738 731738
1212386 1464291 1212386
1225017 585452 1225017
1239113 417816 1239113
1241281 973697 1241281
1241460 904050 904050
1256601 1359689 1256601
1262239 87679 87679
1262366 237058 237058
1294989 2206065 2206065
1295170 1319286 1319286
1324187 97204 1324187
1326900 952317 1326900
1328636 2147524 1328636
1337137 1397132 1337137
1339910 371555 371555
1341345 932625 932625
1351631 1195633 1351631
1357906 995944 1357906
1374170 515876 1374170
1375718 872153 1375718
1380203 1279439 1279439
1380203 2094071 2094071
1385481 1231295 1231295
1395967 1036588 1036588
1400830 1016112 1400830
1424826 1077355 1077355
1426195 1575892 1426195
1441984 1317094 1441984
1442493 824019 824019
1442493 1924136 1924136
1460678 449409 449409
1464353 2139524 1464353
1501656 1052435 1501656
1505927 934509 1505927
1505927 1262366 1505927
1517490 2079634 1517490
1518536 976696 1518536
1528966 482041 482041
1534804 2012872 2012872
1545379 1129684 1545379
1549553 1375718 1375718
1550794 322926 322926
1550910 515876 515876
1552198 291033 1552198
1558586 49824 1558586
1569559 325648 325648
1580012 202148 1580012
1580012 791837 1580012
1582209 321864 1582209
1585345 1279439 1279439
1585345 1836205 1585345
1597154 919962 919962
1605332 1118873 1605332
1606329 285793 285793
1609899 1649430 1609899
1633348 730240 1633348
1633348 1460678 1633348
1634652 1719261 1634652
1634652 1815586 1634652
1648291 1016112 1648291
1648291 1805657 1648291
1649402 322715 1649402
1649402 1181927 1181927
1650652 1133552 1133552
1659672 116830 116830
1659672 1861209 1861209
1662766 490858 1662766
1689127 1233375 1233375
1693241 68109 68109
1695520 1288708 1695520
1704518 2182597 1704518
1727840 1978184 1727840
1737686 218472 218472
1760099 862055 1760099
1761377 1636556 1636556
1761921 498217 1761921
1770442 1241460 1770442
1795808 1276091 1276091
1812012 345982 345982
1813386 3881 1813386
1828752 202148 1828752
1833865 718444 1833865
1846383 1529611 1529611
1859831 1944509 1944509
1860209 2076223 1860209
1861209 1680865 1861209
1880687 1809093 1809093
1889754 1737686 1889754
1895125 322715 1895125
1901404 1582209 1901404
1921178 698176 1921178
1921178 2060619 1921178
1921238 1497313 1921238
1924447 723017 1924447
1926454 1660756 1660756
1926454 2095277 1926454
1932399 1649430 1932399
1933204 689370 1933204
1940966 689370 1940966
1969139 912965 912965
1971952 666006 1971952
1992391 1039853 1992391
1999086 1386042 1999086
2000332 2180685 2180685
2008058 359970 359970
2008058 1936125 1936125
2008424 902914 902914
2008912 1879897 1879897
2012872 2060619 2060619
2013958 533922 2013958
2013958 777849 2013958
2016513 1360707 2016513
2018102 790209 2018102
2044033 1099064 1099064
2044817 509042 509042
2048155 1995614 1995614
2050325 336993 2050325
2059309 862055 862055
2060619 1125515 1125515
2068876 453479 2068876
2068876 1817010 2068876
2070791 1473444 1473444
2071682 43157 2071682
2072032 1799175 1799175
2073674 132440 2073674
2073674 1297806 2073674
2076223 822648 2076223
2076223 1178856 1178856
2080225 4922 4922
2104676 470786 2104676
2107803 1635659 2107803
2108828 1447424 1447424
2135379 43157 43157
2138572 811851 2138572
2146315 1178332 1178332
2154251 12870 12870
2154251 467244 467244
2161842 2214776 2214776
2161871 559779 559779
2161871 810386 810386
2169094 2059309 2059309
2190300 1868182 2190300
2206065 919387 2206065
